image	File:Fornost rotwk.JPG
caption	13469
location	4131
events	18347
